
256 thread blocks, 4, --use_fast_math
----------------------------------
  0.063,   0.023, 1000, 1000
  0.134,   0.072, 1000, 2000
  0.251,   0.369, 1000, 4000
  0.501,   1.815, 1000, 8000
  0.998,   8.130, 1000, 16000
  0.058,   0.021, 1000, 1000
  0.127,   0.035, 2000, 1000
  0.271,   0.062, 4000, 1000
  0.565,   0.117, 8000, 1000
  1.142,   0.226, 16000, 1000
  0.273,   0.062, 4000, 1000
  0.951,   0.166, 4000, 2000
  2.671,   0.441, 4000, 4000
  6.338,   1.566, 4000, 8000
  0.253,   0.372, 1000, 4000
  0.864,   0.299, 2000, 4000
  2.681,   0.440, 4000, 4000
  6.611,  -1.000, 8000, 4000






256 thread blocks, 4
------------------------------------
  0.063,   0.024, 1000, 1000
  0.144,   0.077, 1000, 2000
  0.253,   0.367, 1000, 4000
  0.499,   1.810, 1000, 8000
  0.997,   7.926, 1000, 16000
  0.057,   0.021, 1000, 1000
  0.126,   0.035, 2000, 1000
  0.270,   0.061, 4000, 1000
  0.558,   0.114, 8000, 1000
  1.132,   0.225, 16000, 1000
  0.270,   0.062, 4000, 1000
  0.945,   0.168, 4000, 2000
  2.654,   0.432, 4000, 4000
  6.293,   1.554, 4000, 8000
  0.251,   0.372, 1000, 4000
  0.859,   0.295, 2000, 4000
  2.659,   0.433, 4000, 4000
  6.562,  -1.000, 8000, 4000

128 thread blocks, 4
-------------------------------
  0.062,   0.024, 1000, 1000
  0.144,   0.074, 1000, 2000
  0.309,   0.367, 1000, 4000
  0.674,   1.935, 1000, 8000
  1.460,   7.995, 1000, 16000
  0.057,   0.021, 1000, 1000
  0.126,   0.034, 2000, 1000
  0.270,   0.063, 4000, 1000
  0.562,   0.113, 8000, 1000
  1.133,   0.227, 16000, 1000
  0.271,   0.063, 4000, 1000
  0.888,   0.177, 4000, 2000
  3.163,   0.436, 4000, 4000
  9.208,   1.564, 4000, 8000
  0.312,   0.376, 1000, 4000
  1.062,   0.294, 2000, 4000
  3.065,   0.442, 4000, 4000
  7.182,   0.985, 8000, 4000

64 thread blocks, 4
------------------------------------
0.064,   0.024, 1000, 1000
  0.145,   0.073, 1000, 2000
  0.286,   0.366, 1000, 4000
  0.603,   1.808, 1000, 8000
  1.239,   8.191, 1000, 16000
  0.058,   0.022, 1000, 1000
  0.131,   0.034, 2000, 1000
  0.271,   0.063, 4000, 1000
  0.559,   0.115, 8000, 1000
  1.122,   0.228, 16000, 1000
  0.274,   0.063, 4000, 1000
  0.982,   0.167, 4000, 2000
  3.629,   0.443, 4000, 4000
 10.286,   1.575, 4000, 8000
  0.287,   0.377, 1000, 4000
  1.155,   0.299, 2000, 4000
  3.636,   0.441, 4000, 4000
  8.657,  -1.000, 8000, 4000








64 thread blocks, 8
--------------------------------
  0.105,   0.021, 1000, 1000
  0.207,   0.069, 1000, 2000
  0.423,   0.365, 1000, 4000
  0.864,   1.800, 1000, 8000
  1.732,   7.926, 1000, 16000
  0.096,   0.021, 1000, 1000
  0.210,   0.035, 2000, 1000
  0.417,   0.061, 4000, 1000
  0.832,   0.113, 8000, 1000
  1.659,   0.226, 16000, 1000
  0.418,   0.061, 4000, 1000
  1.495,   0.166, 4000, 2000
  4.799,   0.434, 4000, 4000
 12.195,   1.558, 4000, 8000
  0.425,   0.372, 1000, 4000
  1.552,   0.293, 2000, 4000
  4.805,   0.436, 4000, 4000
 11.670,  -1.000, 8000, 4000

128 thread blocks, 8
------------------------------
  0.108,   0.021, 1000, 1000
  0.203,   0.070, 1000, 2000
  0.421,   0.368, 1000, 4000
  0.874,   1.810, 1000, 8000
  1.794,   7.921, 1000, 16000
  0.096,   0.021, 1000, 1000
  0.210,   0.035, 2000, 1000
  0.416,   0.061, 4000, 1000
  0.829,   0.114, 8000, 1000
  1.668,   0.226, 16000, 1000
  0.418,   0.062, 4000, 1000
  1.393,   0.166, 4000, 2000
  4.470,   0.428, 4000, 4000
 11.664,   1.548, 4000, 8000
  0.421,   0.372, 1000, 4000
  1.454,   0.292, 2000, 4000
  4.475,   0.437, 4000, 4000
 10.905,  -1.000, 8000, 4000

256 thread blocks, 8
--------------------------------
  0.108,   0.022, 1000, 1000
  0.203,   0.069, 1000, 2000
  0.390,   0.369, 1000, 4000
  0.806,   1.811, 1000, 8000
  1.663,   8.163, 1000, 16000
  0.096,   0.021, 1000, 1000
  0.212,   0.035, 2000, 1000
  0.421,   0.063, 4000, 1000
  0.844,   0.117, 8000, 1000
  1.681,   0.228, 16000, 1000
  0.420,   0.062, 4000, 1000
  1.402,   0.163, 4000, 2000
  4.162,   0.443, 4000, 4000
 10.858,   1.576, 4000, 8000
  0.393,   0.374, 1000, 4000
  1.355,   0.296, 2000, 4000
  4.168,   0.436, 4000, 4000
 10.233,  -1.000, 8000, 4000

